70 35 967
35 70 967
75 36 965
36 75 965
69 70 905
70 69 905
69 9 904
9 69 904
74 10 902
10 74 902
74 66 900
66 74 900
75 74 895
74 75 895
12 30 862
30 12 862
65 69 844
69 65 844
70 9 827
9 70 827
66 10 811
35 69 811
69 35 811
10 66 811
9 65 808
65 9 808
74 36 803
36 74 803
75 10 796
10 75 796
9 35 778
35 9 778
25 39 759
39 25 759
40 26 756
26 40 756
53 54 748
54 53 748
29 11 745
11 29 745
75 66 744
66 75 744
10 36 742
36 10 742
1 61 725
61 1 725
17 35 722
35 17 722
76 75 720
75 76 720
71 70 716
70 71 716
53 25 715
25 53 715
65 70 714
70 65 714
29 30 707
30 29 707
66 26 706
26 66 706
33 34 703
34 33 703
18 36 701
36 18 701
51 59 699
59 51 699
10 73 697
73 10 697
26 54 691
54 26 691
48 34 680
34 48 680
17 70 678
70 17 678
35 71 667
21 22 667
36 76 667
76 36 667
71 35 667
22 21 667
18 75 657
75 18 657
30 54 656
54 30 656
50 34 653
34 50 653
4 3 652
3 4 652
30 26 646
26 30 646
36 66 643
66 36 643
19 70 641
73 9 641
70 19 641
9 73 641
68 20 638
20 68 638
75 20 637
20 75 637
65 25 634
25 65 634
76 74 633
74 76 633
71 19 633
19 71 633
35 13 624
13 35 624
65 35 622
12 29 622
35 65 622
29 12 622
71 69 619
36 14 619
14 36 619
69 71 619
20 76 615
76 20 615
19 67 612
67 19 612
74 73 611
73 74 611
11 30 599
30 11 599
11 12 598
12 11 598
53 30 598
30 53 598
14 75 594
75 14 594
61 19 591
14 18 591
18 14 591
19 61 591
69 19 590
19 69 590
13 70 584
26 74 584
70 13 584
74 26 584
25 69 583
69 25 583
13 17 581
17 13 581
35 19 579
19 35 579
33 51 577
51 33 577
73 72 576
72 73 576
73 77 575
77 73 575
73 75 572
75 73 572
36 20 569
20 36 569
17 9 566
9 17 566
69 53 564
53 69 564
20 74 558
74 20 558
73 35 557
10 76 557
35 73 557
76 10 557
36 73 556
73 36 556
49 33 555
33 49 555
73 70 551
70 73 551
34 52 550
52 34 550
69 73 549
73 69 549
52 60 547
52 51 547
60 52 547
51 52 547
17 69 547
69 17 547
33 47 545
47 33 545
76 71 537
71 76 537
50 48 535
48 50 535
71 9 531
9 71 531
8 44 528
44 8 528
28 77 527
77 28 527
65 53 521
53 65 521
20 66 520
66 20 520
19 39 516
39 19 516
14 77 515
77 14 515
12 26 513
26 12 513
53 70 512
27 72 512
72 27 512
70 53 512
18 74 506
21 71 506
74 18 506
71 21 506
9 25 504
25 9 504
65 39 504
39 65 504
10 26 503
76 73 503
26 10 503
73 76 503
54 66 502
66 54 502
20 26 500
26 20 500
74 14 500
14 74 500
70 61 499
61 70 499
14 10 497
10 14 497
19 25 497
25 19 497
7 43 497
43 7 497
29 25 496
25 29 496
10 18 496
18 10 496
29 53 496
53 29 496
66 76 491
76 66 491
65 19 490
69 13 490
66 40 490
40 66 490
13 69 490
19 65 490
26 53 489
53 26 489
54 74 488
74 54 488
36 77 485
77 36 485
19 17 484
17 19 484
53 71 484
71 53 484
70 25 483
25 70 483
47 48 482
19 53 482
53 19 482
48 47 482
43 23 481
23 43 481
47 34 477
72 35 477
35 72 477
34 47 477
21 51 476
13 9 476
67 61 476
61 67 476
51 21 476
9 13 476
13 72 475
72 13 475
76 22 475
22 76 475
54 25 474
25 54 474
14 28 473
77 72 473
8 7 473
28 14 473
7 8 473
72 77 473
17 65 472
65 17 472
44 24 470
24 44 470
