35 70 969
70 35 969
75 36 966
36 75 966
69 9 915
9 69 915
69 70 914
70 69 914
10 74 911
74 10 911
74 66 903
66 74 903
75 74 896
74 75 896
12 30 883
30 12 883
70 9 847
9 70 847
65 69 844
69 65 844
10 66 828
66 10 828
69 35 825
35 69 825
65 9 803
9 65 803
36 74 802
74 36 802
9 35 800
26 40 800
35 9 800
40 26 800
10 75 800
75 10 800
25 39 789
39 25 789
53 54 777
54 53 777
25 53 765
53 25 765
66 75 760
75 66 760
11 29 755
29 11 755
71 70 742
70 71 742
36 10 741
10 36 741
75 76 740
76 75 740
29 30 731
30 29 731
17 35 729
35 17 729
26 66 723
65 70 723
26 54 723
70 65 723
66 26 723
54 26 723
36 18 722
18 36 722
33 34 708
34 33 708
59 51 704
51 59 704
54 30 700
30 54 700
26 30 699
30 26 699
34 48 698
48 34 698
35 71 696
71 35 696
70 17 694
17 70 694
3 4 692
4 3 692
61 1 691
1 61 691
76 36 690
36 76 690
73 10 686
10 73 686
18 75 674
75 18 674
22 21 671
21 22 671
65 25 668
25 65 668
36 66 659
66 36 659
19 70 652
70 19 652
53 30 651
30 53 651
73 9 650
9 73 650
71 69 649
69 71 649
20 75 649
75 20 649
76 74 647
74 76 647
71 19 645
19 71 645
12 29 644
20 68 644
68 20 644
29 12 644
50 34 640
34 50 640
13 35 638
35 13 638
20 76 637
76 20 637
65 35 634
35 65 634
25 69 628
69 25 628
51 33 616
33 51 616
74 73 615
73 74 615
74 26 613
26 74 613
19 69 612
67 19 612
69 19 612
19 67 612
11 30 604
30 11 604
14 18 603
14 36 603
36 14 603
18 14 603
13 17 600
17 13 600
70 13 599
13 70 599
69 53 595
53 69 595
11 12 589
12 11 589
35 19 587
19 35 587
14 75 586
75 14 586
74 20 585
20 74 585
61 19 584
19 61 584
20 36 583
36 20 583
9 17 581
17 9 581
71 9 579
9 71 579
49 33 578
33 49 578
69 17 575
12 26 575
26 12 575
17 69 575
51 52 573
52 51 573
75 73 569
73 75 569
34 52 567
76 10 567
73 72 567
52 34 567
72 73 567
10 76 567
33 47 565
47 33 565
76 71 563
71 76 563
77 73 559
73 77 559
53 29 557
29 53 557
71 21 555
21 71 555
73 69 554
69 73 554
66 40 551
40 66 551
28 77 549
73 35 549
77 28 549
35 73 549
25 19 548
19 25 548
65 53 548
53 65 548
50 48 547
48 50 547
36 73 546
73 36 546
70 73 544
10 26 544
9 25 544
25 9 544
26 10 544
73 70 544
20 66 541
66 20 541
52 60 541
60 52 541
70 53 538
53 70 538
72 27 536
27 72 536
70 25 534
25 70 534
23 43 531
43 23 531
53 26 530
26 53 530
54 25 527
25 54 527
77 14 526
14 77 526
18 74 526
74 18 526
76 73 524
73 76 524
26 20 520
25 29 520
29 25 520
20 26 520
44 8 518
8 44 518
65 39 518
39 65 518
18 10 517
10 18 517
19 65 516
65 19 516
19 17 514
17 19 514
53 19 511
19 53 511
43 7 508
19 39 508
39 19 508
7 43 508
66 54 507
54 66 507
66 76 505
76 22 505
47 34 505
22 76 505
76 66 505
34 47 505
65 17 503
17 65 503
14 74 502
74 14 502
13 72 500
72 13 500
53 71 499
27 23 499
69 13 499
40 30 499
23 27 499
61 70 499
13 69 499
30 40 499
70 61 499
71 53 499
53 9 498
9 53 498
77 72 496
72 77 496
14 10 496
10 14 496
74 54 495
54 74 495
47 3 493
3 47 493
14 28 492
28 14 492
21 76 491
76 21 491
8 7 490
7 8 490
47 48 488
48 47 488
26 75 488
51 21 488
